# list of object assets to load in this scene
[ASSETS]
mario.txt
brick.txt
coin.txt
goomba.txt
cloud.txt
platfrom.txt
miscobject.txt
#
[OBJECTS]
# type	x	y	extra_settings per object type
# type: 0 = Mario , 1 = Brick, 2 = Goomba, 3 = Koopas
# See OBJECT_TYPE constants in AssetIDs.h


#Misc

#bush1	
6	30	180	70004
6	46	180	70001
6	62	180	70001
6	78	180	70001
6	94	180	70002
6	110	180	70003
6	125	180	70001
6	141	180	70005
6	30	164	70004
6	46	164	70002
6	62	164	70003
6	78	164	70001
6	94	164	70005
6	110	164	70004
6	125	164	70002
6	140	164	70007
6	31	148	70006
6	45	148	70003
6	61	148	70005
6	79	148	70006
6	93	148	70007
6	111	148	70006
6	125	148	70007
6	46	132	70006
6	60	132	70007
#bush2	
6	173	180	70008
6	189	180	70008
6	205	180	70008
#panel1
6	253	180	70009
6	269	180	70010
6	285	180	70011
6	253	164	70012
6	269	164	70013
6	285	164	70014
6	253	148	70015
6	269	148	70016
6	285	148	70017
#blackline1
6	297	180	70018
6	297	164	70018
6	297	152	70019
#panel2
6	305	180	70029
6	317	180	70022
6	305	164	70030
6	317	164	70025
6	305	152	70031
6	317	152	70032
6	297	144	70031
6	305	144	70031
6	317	144	70032
6	285	132	70023
6	301	132	70024
6	317	132	70025
6	285	116	70026
6	301	116	70027
6	317	116	70028
#blackline2
6	329	180	70018
6	329	164	70018
6	329	148	70018
6	329	132	70018
6	329	120	70019

# MARIO
0	20	10

# BRICKS
1	0	132
1	0	148
1	0	164
1	0	180

#COIN
4	100	120
4	120	120
4	140	120
4	160	120
4	180	120

#Goomba
2	250	10

#Platform	x	y	width	height	length	begin	middle	end
5	120	90	16	16	8	20001	20001	20001
5	361	180	16	16	2	60007	60007	60008
5	361	164	16	16	2	60007	60007	60008
5	361	148	16	16	2	60009	60009	60010	
5	0	196	16	16	40	60001	60002	60003
5	640	194	16	16	30	60004	60005	60006
5	640	178	16	16	30	60001	60002	60003	

#Portal 
50	500	110	316	140	2

